4255426815	.2 B
4686796610	0 A
5872002097	1 B
7262762074	1 A
8246120550	1 A
7768201261	5 B
4129410399	5 AB
7343920042	1 BB
4324763287	5 AA
9263753673	1 BB
4185077564	3 AC
6275479517	2 CA
6582525164	2 AC
2664868119	4
8822011305	4
3737616721	1
6533363638	3
4079174193	2
5814578840	4
8186746699	3
6615430814	2
2505360027	0
2207876985	1
9232440556	2
5539135805	1
2832403216	1
9644916310	1
8738064792	1
6539649599	4
6242810084	4
8452226314	2
5913610644	0
2625298773	0
4673071423	2
7033943835	4
7852446559	5
5622455407	1
2747887814	0
5874641263	3
2385269709	1
7247846677	5
7265200363	3
3787545636	5
6013097653	5
9946652167	1
6822195031	5
9808643662	3
8832882992	0
3296072249	2
7547413039	5
9395369037	0
5155233698	1
9279944673	2
3908726990	5
7139224316	5
9328514667	5
4135210581	5
9584971971	4
9166593181	2
5853504343	0
2312154894	5
9457782368	3
8063644313	2
6793684542	2
000000000
5325923924	4
9256393626	4
6305723005	3
5774999986	3
7673331360	4
6868110528	1
7673331360	4
6868220528	1
9462584379	3
5454473374	0
3422184386	3
2109458560	3
5593063371	4
2299661980	4
5874844644	3
3564937623	5
9984997715	2
4452691752	0
7753790303	3
5894854365	2
5114117557	0
3148462458	5
6389471715	3
9052747042	1
7384008784	5
6632181829	2
9944872743	3
2383524874	1
9877026846	4
7524406193	1
5935892630	5
6008946502	4
9867172455	2
7108591264	2
3588211537	3
8115222021	0
2102764285	4
8266850789	2
8827868160	5
5268786199	0
3753489337	5
6772716357	0
7653451708	1
9129525105	3
6258615666	2
4255619811	4
3098545566	4
4842428147	3
4194989489	0
7886711840	1
2238727259	0
5465727376	1
9956028468	5
5287063637	5
8948598708	3
3115310588	1
7198802998	2
8089811724	2
4016838250	2
5585457236	5
5889806393	5
5924947841	0
6905554417	2
5933615495	1
3232223058	0
3055920405	0
3698318859	4
9714048351	5
9905655637	3
2155154263	4
5813517760	5
8746016430	4
3684325015	4
2588935765	4
6866796119	3
5645403629	5
3455117322	2
5672604140	3
9423061344	0
6299031552	0
7689899362	2
2196238487	4
5013843475	4
3356674168	1
7246041169	4
6734695840	1
4566709329	3
8992632732	4
4644727641	0
4476596581	1
7602472585	2
9032614509	4
3823203791	2
3806672551	1
3262435358	3
3807530633	0
6215218880	2
3267492500	3
9603080717	4
2698932469	0
7658980111	2
9457348202	4
9108941667	5
5836056871	5
4549050427	4
3118685644	5
5653885153	5
9973749271	4
4247398055	5
4435688975	0
7839029822	1
4957985964	0
4183611714	4
6618812291	2
5247947230	1
5433487772	5
8883323594	5
7702169797	2
9395737622	3
3928616119	3
6292711116	0
9413923323	2
9565366992	4
2856732677	0
8223059302	3
9205576846	0
2676035433	0
5319750378	1
5664890010	4
3844241319	0
5684744827	3
5049330027	5
7314292184	0
6108070808	4
9262352485	1
5468751505	1
6228132311	4
8186153441	0
2642289639	2
3328036943	2
2498071327	1
8876329570	1
3497504781	3
7688371121	2
9533782995	1
8198977274	3
6734619950	0
4462863657	5
2467744849	2
7612613566	0
5298570374	0
7457573880	1
6328838615	1
2796937216	3
2453554067	5
4247654010	3
4192358152	2
5092000186	3
6566442169	4
6426291126	2
3556588980	1
3729991825	5
7957302038	2
8555207470	1
6559547373	3
3726075256	2
2957868446	4
2587123990	0
9904893671	2
7942352526	2
4986875330	0
5467087003	1
3218632038	3
8924191845	5
9336777240	4
2973863525	2
7139461212	4
8239909323	3
6486610750	4
4044448323	2
6156475180	0
3969756683	4
9339306870	1
8464885520	1
2802740036	4
8684262486	0
7688614889	4
6609890443	2
6782580365	3
3383211601	0
3984794117	3
3939855366	3
3292013471	2
5112589979	3
5073295228	3
8639379751	2
7112152230	2
5458023571	1
8762615592	2
9698044450	5
9973481822	4
4243680827	5
3119100454	1
4327493251	2
6762937606	2
6534954403	0
9807810938	2
3469416740	1
8668764808	5
3415550150	5
2753050880	3
4843374687	3
7692554477	2
4138570420	3
5242598216	4
6663045549	1
8966926395	1
8492016320	4
6109636246	4
2872766131	4
5557034798	0
5197922653	3
2222178421	3
9037426340	1
2954210628	4
8536988183	1
9722459778	0
9987458787	1
7697749850	5
5257399855	2
8264907418	5
7173383995	3
9342387363	5
8152480674	2
5218722142	5
3885992669	0
9849058306	2
7873479844	0
2807443955	5
3862185423	2
8626332062	0
6406149508	2
4967335464	0
4753703164	5
5823819110	4
5656924939	3
6915812777	4
8747169033	3
8399632468	0
4157831750	1
9006001272	5
8788238969	3
4012073785	0
8419160162	0
9503823728	0
3808220508	5
3388114255	5
9308509009	3
9217750998	5
3515052196	3
5617956769	1
7827140279	3
9916673763	3
2109561485	2
4192796066	4
2022087375	0
5075448451	3
8583516321	0
7666623271	1
9286381139	0
3325071613	1
6804607815	2
6313533845	0
5955418322	1
8049400747	1
4188719775	4
8816431188	4
5004132994	2
6256235537	0
3473616482	5
4808282887	1
8198349345	5
8893613283	1
5234421735	5
8686828346	2
8222063548	4
2884792989	1
7864563389	4
9522186756	5
3942765922	0
5214957480	4
5944650054	4
9005490715	1
7403068521	5
8133780656	0
2529342299	4
3787437573	3
2488348300	5
8734724185	2
6265968304	0
8305711428	2
4903421804	5
7205385166	0
3018255293	3
2713720557	3
2302946390	2
7645077044	1
7968816634	0
7898721316	3
3188933312	0
6889535327	0
7946129889	2
4765333646	2
7409252033	3
7856250810	5
3787540426	1
6907632568	1
3222339594	5
2966343483	3
7518175120	1
7639107407	0
3813304310	3
8757046656	0
3407385131	4
2692699782	3
3528699773	3
9058573011	2
8569501722	3
2494875933	5
2383088529	4
8824652498	5
4115033728	3
3228539643	2
2262699726	4
6565124080	4
4738105914	1
5266880546	5
3325692328	5
9713274752	0
3899890113	1
6004750343	0
2266428431	4
7228814312	2
9544559905	2
3208383131	4
4769463096	5
9068489188	0
7228755003	5
9579164567	3
4829730389	0
5298556530	2
6018913015	4
6503025432	2
3765397813	3
4783580080	4
7068067079	1
3402051312	2
4627728151	5
5474863546	3
6646251939	1
9036665544	5
9452079898	4
4255962941	0
2356115267	3
4085490559	3
2092483608	1
5912943362	4
9948360080	5
2203768234	3
2642470255	5
4318913025	2
7777655128	5
6178940495	0
9636200580	3
8217736433	3
6417466787	2
3014119006	1
4786477399	2
7796866636	1
9733442127	0
8398210154	0
3084399608	3
3852833677	3
8064028706	5
6277547588	3
3555070092	2
5782351100	0
3489462839	4
3367539154	5
7078244732	4
7113138606	3
2377642741	3
4858163319	1
8822422991	5
9922874033	1
3105496988	5
6656391692	3
7132450878	3
5399151354	2
4545945673	5
7979044590	1
3357747878	5
2562644045	2
6804192098	5
4277883111	0
3968072532	0
3967084226	2
6446641493	0
4258253533	0
2153541614	5
4818325837	3
9297333655	1
6379408579	4
9755466745	0
3625026753	2
8022453285	4
4664009988	3
6612484327	2
9997122973	1
7076530515	3
9546590557	3
8395324161	1
7187709727	5
7769119818	5
9699655328	1
5245887220	0
2374024640	4
5099286164	5
9094589860	4
6949495781	2
9735263250	4
8356148318	2
2599676111	5
8116010237	5
8002305216	4
7284805254	1
3354328321	5
7073062015	5
7657108286	1
5847934185	4
6084097475	0
9495124883	4
8845821938	2
5224710776	1
4289826831	2
9227897544	2
2574950004	5
9279460532	0
9175705894	5
4312574344	1
5485009484	3
8258644068	2
6185446086	3
9504676097	3
2793600400	0
2743711189	1
4549661495	2
2774263367	5
2692221250	1
6023843592	2
2212389415	5
5814871085	1
3973159840	3
2576143853	5
3923214651	5
3596512369	2
7145398329	4
9548686595	2
8255044964	2
5134821471	2
8137217005	1
3938466365	3
7413874663	0
7932581308	2
5817041732	3
8502698064	0
6298461034	1
2352223919	3
2347505411	3
5069530805	1
9575293810	2
6958546558	3
3683941776	4
6117528943	1
5688159507	1
6735330180	5
5093554967	2
5063374626	1
3995317011	0
5855104260	5
6644403862	2
7045730371	4
7749527467	0
3884362030	3
4866353489	0
2593333104	1
8009861132	0
3006986438	1
3892859171	0
9705336928	4
5885656494	1
9558460521	2
4672615807	1
9897383620	0
7639655593	4
3875492183	4
4174247831	5
7958676532	4
9358194401	1
5329237483	1
5692571262	2
7859830281	1
6529568900	0
8265565037	1
2877982675	1
9004684641	2
7349090902	0
8056582329	1
2833116544	3
2052840673	1
9639758071	2
2687593674	2
2955207146	1
7956394478	2
5904580068	2
9494390782	3
3902539656	0
4228282477	2
5496221453	0
5098873355	2
4067912312	2
5823879410	2
5075404434	2
6803705636	5
7298787910	5
7104379603	4
3914532115	0
7872862762	2
7279816258	4
4564495740	5
6489728825	4
8954994181	1
2286982819	5
2008437602	4
5855055422	0
6986976603	5
8815818896	1
7663378109	0
8397235777	5
3372200267	1
3488630108	5
8417919994	3
3582704142	5
4353057433	4
9943730964	4
7867844945	0
7876930462	4
4992649946	3
7833926104	5
6075734173	1
9453208703	1
8923936575	1
8246464055	2
6188305306	3
7356163392	4
7822126368	0
9072849643	5
8186039887	4
3888549430	1
5614467477	3
3222585834	1
5313029851	2
8415231749	0
7084357341	0
7472190138	3
7302634883	4
7007846859	5
6578688497	1
6985601844	1
7755132652	1
9392607901	3
8126103469	3
9702356190	5
9579956187	0
3722559743	4
3663043301	3
2106568878	0
5365084804	3
2902482608	0
8166259397	3
8547094064	2
3395595289	0
5357926345	0
9478220576	3
9087000741	0
9653711115	5
6072708389	4
2449450938	0
3445605132	5
9789889655	3
7656526481	1
6816236983	5
4144713009	3
5517525256	3
7774409293	2
9907729568	4
9692360794	1
7368475701	3
8872974308	4
2844612781	4
4833948375	1
8302688132	0
5936039147	2
6724249548	2
5696351790	3
2744758800	5
2137547099	5
4799905916	4
4724590456	3
9527315718	2
9519461817	2
3957862173	3
7765999471	2
5598343664	1
6646752877	3
9176679779	4
4842475776	0
9864136307	5
6647398689	3
8986400317	0
7632148321	2
5384304024	4
8824924162	1
7502254343	2
8206440132	5
8944460900	4
4765263568	5
7139065775	1
7843305192	1
9145970885	5
8022634930	3
7627448979	5
9342442608	0
9318156814	0
3356658769	4
9274595200	4
8884678015	5
8114949578	3
7243493175	0
4786073348	3
9938180687	1
7705074007	1
5356602560	4
7074384416	1
6666257695	2
9023645705	4
5515383676	5
9263610512	3
3186965698	4
4158999334	2
5532496923	1
8976264128	0
4147051493	0
5989968283	3
6304423712	0
7244265674	5
4439967795	4
5243500530	0
3899938277	5
3869650547	5
3363844247	1
5219243967	3
5636270342	0
5345182127	1
8646677317	3
4488209971	0
7499451350	5
2695046692	4
2335056842	3
8214670910	3
9088252202	4
2906426057	1
2185718145	1
4875344147	1
3427795090	4
7107745344	3
6177651511	5
2252651998	2
8487099398	2
7775102830	2
2659666375	1
2333982269	2
9292965760	3
5055233876	3
7972680099	0
8283193980	5
5245217486	0
7433012751	2
2915175638	1
7985551890	0
7449799936	4
4823843058	4
2275737148	2
5245135497	4
2497943931	0
5382297709	3
9567163130	3
6222793202	5
5702973295	5
9055413702	0
9465369397	1
4944583030	3
9708174814	3
2339000971	3
7743407771	0
7382077603	4
2766946412	4
2282134497	0
4268429886	2
4226228381	3
8158209155	0
6719707834	3
7113551915	2
9208175385	3
7336106051	0
9309002594	0
8213945716	0
9012606892	4
9358334265	0
6112979310	0
3994033356	4
8516532811	5
7915046152	3
5633868961	3
6133623044	1
5585175415	4
8134871975	3
4118366988	3
6383053297	2
8777711585	2
7208881156	1
9442641959	3
8568521878	4
8629475624	2
9195535485	4
5442274029	0
9376757247	4
5706823031	0
5207376803	1
8659098578	0
6744573730	2
8336032773	5
3934079966	0
3862830722	1
4944854424	3
2038648722	2
8952652339	1
5932916447	2
5894561105	1
7068238439	5
6987159724	3
5417213467	4
4348822643	0
9966750773	4
6068734927	0
7168051160	2
8784314957	5
5632342901	4
8552781171	4
7848377885	2
6452106146	2
2415219686	0
8734681527	0
2528909516	2
9259446577	5
3409930809	2
4973517580	0
2758422986	1
8558618694	2
2918455742	1
6015408783	0
6757513968	1
7222600502	5
9627463648	5
9014571409	0
6757799693	3
8916174238	3
8534770572	3
8196361596	2
8865281464	2
5543643908	3
6788323303	2
2165800791	1
9526860513	4
8139549528	4
2167364063	1
2788073248	1
9458401393	5
5695584186	4
2348800254	5
4988860941	2
3892317510	0
8624328992	4
7806413672	3
8382222835	2
5888923894	3
5014144909	1
8463406042	5
6826170192	1
4943339181	1
7582969589	0
3015813956	0
9102771087	2
6795270371	3
6047609608	1
3704142824	0
3254534885	1
7979768138	2
7523762263	4
8663576278	2
6993179843	3
2249086495	5
3559970348	0
4824911351	1
7369030278	5
4926855313	2
8777972923	1
5222698909	5
6918051523	3
7282579151	5
3165114814	3
9438588819	5
3783231495	4
9246006810	2
3428270869	3
8255933902	1
6667476248	3
5609191349	5
8315133212	1
4146191119	5
3288498688	4
6954176954	0
6683392678	4
8616703206	0
6065358241	1
7414156247	2
2652953459	5
8987129661	1
4466968150	4
4383202282	0
8526258731	2
4906918126	5
7042982686	1
3996921687	1
3198465481	3
5408019465	3
9813432847	1
8278275532	4
4372986622	5
9362338955	1
5594283174	3
8448709002	4
4645487585	1
9073342495	1
7528965380	4
6009481405	1
9913461991	0
3145652254	5
9942921585	5
6604877463	5
8364079918	5
3938740366	0
6939863923	1
2888223211	2
7774264718	1
5615463092	0
7706203637	2
7935552169	1
5057153929	0
7168995890	3
6488030985	3
4325508570	2
3256454046	4
6407826530	1
4968420634	0
3703222502	0
8214432180	3
8317989555	2
5756393936	5
6049487452	3
2004421716	2
7489000479	3
5768036566	1
9548526409	3
9335601415	1
7257372895	2
8182619619	2
8265239312	5
9414055673	2
8565425690	4
6436283490	3
7383280256	0
3372227311	4
3222933952	5
3953727490	1
2254991048	4
5123817902	3
3325287569	4
9045191366	0
2349626017	0
6143670955	4
9447248812	2
3504970698	5
3999408537	4
9789088253	2
2494265338	2
7779793255	3
7779123255  4
7587661365	5
8257444865	4
3744448255	1
2805300654	4
4968554594	0
2568494283	5
6636575105	2
9482304892	2
4556672425	5
4588223959	2
9332033977	4
9823068897	1
9215833680	4
9784940233	4